1.000000000 0.000000000 0.000000000 0.000000000 0.000000000 1.000000000 0.000000000 0.000000000 0.000000000 0.000000000 1.000000000 0.000000000
0.999998450 -0.000039368 0.001767528 -0.003386356 0.000038894 0.999999940 0.000268274 0.000168330 -0.001767539 -0.000268205 0.999998391 -0.001320283
0.999996305 -0.002310936 0.001444665 -0.001445146 0.002314705 0.999993920 -0.002612459 0.001182362 -0.001438619 0.002615794 0.999995530 -0.000583701
0.999995053 -0.003057332 0.000760021 0.004134305 0.003061951 0.999976397 -0.006152796 0.000734151 -0.000741192 0.006155093 0.999980807 0.000954958
0.999959409 -0.004885686 0.007569544 0.006920344 0.005001487 0.999869585 -0.015355661 0.002342517 -0.007493534 0.015392897 0.999853432 0.003541122
0.999966145 -0.003778203 0.007307696 0.002432113 0.003829664 0.999967873 -0.007040916 -0.000924606 -0.007280859 0.007068663 0.999948502 0.001969409
0.999978065 -0.000990014 0.006550663 0.005592368 0.001027095 0.999983430 -0.005659759 0.002190429 -0.006544952 0.005666363 0.999962509 0.003046653
0.999982357 -0.002573325 0.005348936 0.000400413 0.002594619 0.999988735 -0.003977879 0.002257213 -0.005338639 0.003991688 0.999977767 -0.000453807
0.999986708 -0.000740498 0.005106109 0.007101453 0.000759978 0.999992371 -0.003814048 0.000526305 -0.005103246 0.003817878 0.999979615 0.003700697
0.999984503 0.000125164 0.005565564 0.007342602 -0.000105825 0.999993920 -0.003475052 0.001588281 -0.005565966 0.003474409 0.999978423 0.003678039
0.999986172 -0.000065656 0.005264791 0.008084879 0.000095198 0.999984264 -0.005611107 -0.000138032 -0.005264340 0.005611531 0.999970317 0.005177842
0.999986887 -0.000652660 0.005083349 0.008225679 0.000678356 0.999986947 -0.005054830 0.001415712 -0.005079984 0.005058212 0.999974251 0.003890815
0.999988973 -0.000182429 0.004704276 0.009311569 0.000209644 0.999983251 -0.005785385 0.002014480 -0.004703142 0.005786307 0.999972165 0.004341739
0.999990582 -0.000420892 0.004328442 0.008546508 0.000444325 0.999985218 -0.005414332 0.000355541 -0.004326099 0.005416204 0.999975920 0.005256132
0.999993742 0.000927005 0.003420395 0.009457982 -0.000903758 0.999976456 -0.006791639 -0.000640108 -0.003426611 0.006788505 0.999971032 0.006417803
0.999997199 -0.000634893 0.002284517 0.009323812 0.000650822 0.999975383 -0.006978593 -0.000910308 -0.002280030 0.006980060 0.999972939 0.005748877
0.999993503 0.000638266 0.003551253 0.008653293 -0.000614617 0.999977589 -0.006656387 -0.000698638 -0.003555423 0.006654161 0.999971509 0.005664152
0.999995470 0.001276170 0.002732882 0.008026520 -0.001257476 0.999975860 -0.006831036 -0.000287187 -0.002741533 0.006827569 0.999972880 0.005035555
0.999998331 0.000057862 0.001866521 0.007463586 -0.000043360 0.999969780 -0.007768925 0.000556412 -0.001866914 0.007768831 0.999967992 0.004541217
0.999998569 -0.001006495 0.001390546 0.007907836 0.001016821 0.999971747 -0.007444528 -0.000121679 -0.001383014 0.007445931 0.999971271 0.004825089
0.999999404 0.000741915 0.000757484 0.007468916 -0.000736739 0.999976516 -0.006810121 -0.000311371 -0.000762519 0.006809559 0.999976456 0.004355278
0.999990165 0.004432944 0.000028489 0.011572322 -0.004432676 0.999970257 -0.006303106 0.001687017 -0.000056430 0.006302917 0.999980092 0.006429570
0.999993145 0.003454193 -0.001314317 0.008397494 -0.003461723 0.999977291 -0.005772039 0.000407685 0.001294348 0.005776551 0.999982417 0.004255380
0.999991715 0.002973506 -0.002805687 0.005196149 -0.002986490 0.999984801 -0.004634899 0.001040011 0.002791862 0.004643240 0.999985278 0.002838067
0.999993443 0.003246827 -0.001620931 0.005332638 -0.003259897 0.999961674 -0.008127560 0.000049766 0.001594479 0.008132791 0.999965549 0.003415329
0.999997020 0.002414514 0.000389353 0.007059416 -0.002411168 0.999961972 -0.008376239 -0.000752644 -0.000409564 0.008375275 0.999964774 0.004948560
0.999989688 0.003793505 -0.002520155 0.007729003 -0.003827726 0.999898553 -0.013715865 -0.001088911 0.002467867 0.013725370 0.999902725 0.005283613
0.999965191 0.005401418 -0.006357690 0.007527618 -0.005505307 0.999849617 -0.016438270 -0.000231614 0.006267943 0.016472701 0.999844611 0.005117855
0.999923229 0.008154079 -0.009331793 0.006232555 -0.008404006 0.999598384 -0.027064133 -0.001242914 0.009107360 0.027140483 0.999590099 0.004825468
0.999923766 0.008221304 -0.009213281 0.008965040 -0.008487334 0.999537051 -0.029217565 -0.002475237 0.008968806 0.029293532 0.999530554 0.006377157
0.999949753 0.004691700 -0.008864743 0.007128614 -0.005004823 0.999352157 -0.035636786 -0.002616999 0.008691804 0.035679359 0.999325335 0.005533090
0.999983072 0.003894925 -0.004334941 0.004006836 -0.004068436 0.999160409 -0.040764824 -0.001108087 0.004172525 0.040781770 0.999159276 0.003659020
0.999982774 0.005663027 -0.001611889 0.006701661 -0.005725075 0.999121189 -0.041520316 -0.002634552 0.001375343 0.041528821 0.999136209 0.005913165
0.999992669 0.003834354 -0.000132216 0.006095061 -0.003836524 0.999111474 -0.041967962 -0.002912728 -0.000028819 0.041968159 0.999118865 0.005412146
0.999985993 0.003682399 -0.003826969 0.007638271 -0.003846422 0.999033928 -0.043775287 -0.003668412 0.003662075 0.043789383 0.999034047 0.006661912
0.999929368 0.007495060 -0.009227111 0.006581311 -0.007892148 0.999010026 -0.043778803 -0.002961496 0.008889851 0.043848526 0.998998523 0.005525111
0.999882698 0.009141074 -0.012294860 0.008555732 -0.009671599 0.998993099 -0.043806583 -0.002921157 0.011882040 0.043920353 0.998964250 0.005963338
0.999832034 0.012008280 -0.013851078 0.008276824 -0.012604899 0.998959720 -0.043822814 -0.001021710 0.013310432 0.043990042 0.998943150 0.005853187
0.999817312 0.013752981 -0.013278887 0.006062044 -0.014347923 0.998847544 -0.045799837 -0.003434671 0.012633698 0.045981985 0.998862267 0.004581999
0.999757171 0.017397093 -0.013526825 0.008943638 -0.018001713 0.998781860 -0.045941368 -0.001094115 0.012711101 0.046173722 0.998852432 0.006187767
0.999814510 0.014811865 -0.012320987 0.009053998 -0.015325000 0.998972416 -0.042651702 -0.003113894 0.011676574 0.042832602 0.999013841 0.006605384
0.999836743 0.015156328 -0.009844852 0.008396025 -0.015569794 0.998937428 -0.043375775 -0.004391721 0.009176971 0.043521978 0.999010146 0.006226395
0.999807239 0.016135935 -0.011187077 0.012711135 -0.016649574 0.998734653 -0.047452047 -0.004046274 0.010407240 0.047629159 0.998810768 0.008331752
0.999778569 0.016715113 -0.012787994 0.008631550 -0.017299403 0.998743534 -0.047033720 -0.003940834 0.011985751 0.047244519 0.998811364 0.006232747
0.999750137 0.016552007 -0.015029483 0.006121068 -0.017238703 0.998756766 -0.046772517 -0.004120982 0.014236618 0.047019914 0.998792350 0.004871355
0.999628901 0.017478652 -0.020895788 0.007483013 -0.018489836 0.998616755 -0.049220476 -0.004896106 0.020006575 0.049588569 0.998569250 0.004362282
0.999505639 0.021546295 -0.022896525 0.009141311 -0.022652993 0.998530567 -0.049228504 -0.004391172 0.021802187 0.049722835 0.998524964 0.005356855
0.999501288 0.022054255 -0.022603862 0.007091216 -0.023160961 0.998484194 -0.049928904 -0.003922443 0.021468453 0.050427523 0.998496830 0.003924717
0.999561131 0.019452862 -0.022344179 0.008675216 -0.020574313 0.998481214 -0.051108181 -0.005632758 0.021316038 0.051545456 0.998443067 0.006418721
0.999554515 0.021089805 -0.021118280 0.006692389 -0.022148121 0.998442650 -0.051201921 -0.005569279 0.020005548 0.051646840 0.998464882 0.005711390
0.999445081 0.023585083 -0.023523789 0.009249634 -0.024821712 0.998246253 -0.053742282 -0.008633664 0.022215016 0.054296352 0.998277605 0.011127833
0.999446154 0.023962455 -0.023095079 0.003752202 -0.025245201 0.998057663 -0.056951892 -0.010157410 0.021685511 0.057503380 0.998109639 0.014500946
0.999482095 0.021913636 -0.023566931 -0.041085389 -0.023216745 0.998131394 -0.056521304 -0.056253236 0.022284305 0.057039179 0.998123169 0.066422999
0.999476373 0.021104984 -0.024526892 -0.036578860 -0.022537088 0.997964263 -0.059659705 -0.059274103 0.023217846 0.060181223 0.997917295 0.059798680
0.999480844 0.018686607 -0.026247844 -0.055779923 -0.020385146 0.997610629 -0.066009372 -0.061361022 0.024951633 0.066510163 0.997473538 0.078164697
0.999393880 0.019262774 -0.029000195 -0.045042291 -0.021255979 0.997315526 -0.070069581 -0.052966423 0.027572611 0.070643529 0.997120321 0.066967621
0.999149859 0.022922095 -0.034267157 -0.040791981 -0.025484351 0.996758461 -0.076309107 -0.050209831 0.032406915 0.077117503 0.996495128 0.076013312
0.999171615 0.020988300 -0.034866523 -0.055399116 -0.023537615 0.996951163 -0.074392468 -0.053900070 0.033198845 0.075151518 0.996619165 0.085880056
0.999026537 0.020806251 -0.038898975 -0.050487537 -0.023652954 0.996961594 -0.074215218 -0.058522955 0.037236638 0.075063042 0.996483207 0.083208285
0.998995006 0.023364289 -0.038255204 -0.066081934 -0.026166456 0.996880054 -0.074467398 -0.073331803 0.036395967 0.075393543 0.996489286 0.086554945
0.998798609 0.027117318 -0.040819310 -0.050552469 -0.030200671 0.996579766 -0.076919980 -0.071859978 0.038593829 0.078060329 0.996201217 0.085301273
0.998955131 0.027615037 -0.036421143 -0.044636562 -0.030434737 0.996387184 -0.079285286 -0.067420840 0.034100089 0.080310896 0.996186316 0.084299564
0.999331295 0.022749737 -0.028628405 -0.068431504 -0.025075871 0.996174812 -0.083706781 -0.058647882 0.026614584 0.084368676 0.996078968 0.100211613
0.999345601 0.022677395 -0.028183132 -0.039965581 -0.024847515 0.996548831 -0.079200447 -0.065208457 0.026289809 0.079848886 0.996460140 0.075375706
0.999315202 0.024173610 -0.028016737 -0.041287895 -0.026285209 0.996635735 -0.077629551 -0.082248092 0.026045889 0.078312799 0.996588469 0.093707658
0.999426365 0.021861931 -0.025871221 -0.050925955 -0.023786664 0.996778786 -0.076591283 -0.084745958 0.024113450 0.077162728 0.996726811 0.088734731
0.999324679 0.021784512 -0.029594921 -0.058319684 -0.024173975 0.996261418 -0.082939327 -0.072979033 0.027677482 0.083598733 0.996114969 0.099982679
0.999183297 0.023270965 -0.033035144 -0.062695138 -0.025904426 0.996322930 -0.081666812 -0.070501670 0.031013206 0.082455859 0.996111989 0.094099157
0.998694837 0.028827598 -0.042161562 -0.040860482 -0.032223236 0.996093750 -0.082212098 -0.072120853 0.039626889 0.083463363 0.995722592 0.088689983
0.999309182 0.029740434 -0.022286514 -0.113165796 -0.031036748 0.997699142 -0.060274139 -0.149896398 0.020442661 0.060924217 0.997933030 0.062775344
0.999398708 0.027530197 -0.021080494 -0.113637805 -0.028745087 0.997803450 -0.059679378 -0.149575770 0.019391211 0.060249444 0.997995019 0.062970035
0.999488413 0.025980296 -0.018655950 -0.111985721 -0.027064022 0.997807145 -0.060401797 -0.145955831 0.017045787 0.060875803 0.997999787 0.060897239
0.999491930 0.024178661 -0.020768680 -0.111304551 -0.025372781 0.997917652 -0.059299633 -0.149827600 0.019291651 0.059796467 0.998024166 0.063507766
0.999345899 0.027365385 -0.023643296 -0.111533053 -0.028763132 0.997725964 -0.060954329 -0.151825324 0.021921502 0.061594509 0.997860491 0.063303098
0.999274790 0.026352245 -0.027483635 -0.112547569 -0.027971800 0.997787535 -0.060311448 -0.154642299 0.025833486 0.061036479 0.997801185 0.062060393
0.999126554 0.027813090 -0.031184241 -0.111479983 -0.029742066 0.997557282 -0.063202992 -0.152580082 0.029350204 0.064075284 0.997513413 0.061932467
0.999126136 0.027753403 -0.031250589 -0.110519268 -0.029756565 0.997403860 -0.065573432 -0.150143012 0.029349584 0.066446044 0.997358322 0.063490257
0.999230206 0.023603287 -0.031336598 -0.112954177 -0.025715480 0.997298479 -0.068806447 -0.151430368 0.029627891 0.069559321 0.997137785 0.065059647
0.998937428 0.024348935 -0.039128400 -0.100651860 -0.026992187 0.997285128 -0.068509728 -0.165446207 0.037354041 0.069493100 0.996882796 0.064879104
0.998896480 0.025038816 -0.039736271 -0.121086858 -0.027718460 0.997273862 -0.068383656 -0.178841189 0.037915707 0.069409616 0.996867418 0.076533869
0.998642027 0.023971530 -0.046255231 -0.110440999 -0.027367849 0.996864140 -0.074247286 -0.166357815 0.044330370 0.075412370 0.996166527 0.077921763
0.998615324 0.023263987 -0.047182824 -0.113458328 -0.026730955 0.996882617 -0.074231938 -0.170559198 0.045308813 0.075390399 0.996124208 0.071965963
0.998018861 0.022434188 -0.058781601 -0.077241063 -0.028083973 0.994875968 -0.097123936 -0.107245326 0.056301493 0.098582327 0.993534863 0.103263192
0.998222947 0.028476978 -0.052344736 -0.106469706 -0.032211304 0.996888578 -0.071940199 -0.186224610 0.050133243 0.073498443 0.996034384 0.073770702
0.998993576 0.028197194 -0.034880955 -0.179775327 -0.030576408 0.997101307 -0.069670625 -0.187161312 0.032815326 0.070667051 0.996960044 0.065753266
0.998991609 0.027797995 -0.035259038 -0.179413959 -0.030219268 0.997081637 -0.070107549 -0.187547222 0.033207282 0.071102351 0.996916175 0.066060841
0.998960912 0.027996549 -0.035964217 -0.177652478 -0.030477818 0.997052670 -0.070406526 -0.187565953 0.033887081 0.071429491 0.996869862 0.066799797
0.998957634 0.029195409 -0.035090942 -0.179009721 -0.031602744 0.997037232 -0.070128866 -0.186793804 0.032939531 0.071164742 0.996920526 0.067477964
0.999106348 0.026540313 -0.032895453 -0.173959449 -0.028832719 0.997038603 -0.071293667 -0.183565825 0.030905884 0.072178423 0.996912777 0.070307136
0.999160290 0.025611315 -0.031979091 -0.163707331 -0.027841454 0.997062087 -0.071359582 -0.179882765 0.030057523 0.072190017 0.996937931 0.067323841
0.999068141 0.026695261 -0.033916011 -0.153309748 -0.029044462 0.997069478 -0.070773832 -0.179077834 0.031927284 0.071692944 0.996915638 0.064519033
0.998945713 0.029237922 -0.035394091 -0.162328884 -0.031683840 0.996998429 -0.070640899 -0.185251117 0.033222463 0.071687847 0.996873677 0.069281168
0.998941660 0.028899254 -0.035783496 -0.160709336 -0.031373248 0.997009516 -0.070625164 -0.186401963 0.033635467 0.071673065 0.996860981 0.070554100
0.999135673 0.027659442 -0.031029567 -0.164181560 -0.029814556 0.997009993 -0.071288303 -0.182422742 0.028964985 0.072151825 0.996972978 0.067280069
0.999149084 0.027112314 -0.031082204 -0.156518802 -0.029307749 0.996937573 -0.072502218 -0.174996480 0.029021308 0.073351488 0.996883869 0.068866223
0.999134541 0.028659105 -0.030147560 -0.158605322 -0.030770058 0.996925592 -0.072059974 -0.182987720 0.027989697 0.072925255 0.996944666 0.066778511
0.999036491 0.029419372 -0.032568112 -0.156724647 -0.031597715 0.997148752 -0.068526551 -0.195666134 0.030459236 0.069489598 0.997117579 0.069322020
0.999016166 0.028948631 -0.033595365 -0.164779618 -0.031268977 0.997005105 -0.070732594 -0.187297344 0.031447135 0.071713500 0.996929407 0.071527921
0.998973608 0.028922105 -0.034860838 -0.174842015 -0.031314876 0.997043490 -0.070168667 -0.188189313 0.032728348 0.071188316 0.996925831 0.069765300
0.998994648 0.028228693 -0.034826379 -0.180597410 -0.030596143 0.997117400 -0.069431975 -0.186629981 0.032766011 0.070427731 0.996978641 0.065242127
0.998826861 0.029735828 -0.038218781 -0.176353797 -0.032383554 0.996976376 -0.070636682 -0.186762393 0.036002778 0.071791485 0.996769607 0.068201847
0.998966873 0.029787272 -0.034320299 -0.182131395 -0.032100894 0.997102797 -0.068961032 -0.186744079 0.032166697 0.069991499 0.997028887 0.064586982
0.999015391 0.027711570 -0.034646586 -0.175645173 -0.030062461 0.997143924 -0.069283597 -0.187282294 0.032627668 0.070256948 0.996995151 0.071043000
0.998953521 0.028407490 -0.035847254 -0.171610653 -0.030852269 0.997097850 -0.069599018 -0.186686680 0.033766091 0.070632145 0.996930778 0.069696091
0.999028802 0.027842660 -0.034149017 -0.177829936 -0.030176405 0.997101247 -0.069845363 -0.185846552 0.032105345 0.070808031 0.996973157 0.067939378
0.998881042 0.029880557 -0.036658194 -0.170917228 -0.032418616 0.996969581 -0.070716552 -0.188591689 0.034434047 0.071825840 0.996822655 0.071533851
0.998769104 0.031446207 -0.038361698 -0.175799817 -0.034092341 0.996936381 -0.070395902 -0.186326191 0.036030494 0.071617089 0.996781230 0.069809765
0.998714924 0.031834271 -0.039434500 -0.173274159 -0.034607038 0.996822059 -0.071750984 -0.188042879 0.037025034 0.073023498 0.996642768 0.072528459
0.998532474 0.035561897 -0.040845960 -0.165650576 -0.038497068 0.996553659 -0.073476881 -0.189615771 0.038092211 0.074941501 0.996460080 0.076311789
0.998701453 0.036509812 -0.035532866 -0.167338222 -0.039217371 0.996122777 -0.078749128 -0.188783735 0.032519974 0.080040380 0.996261001 0.076860562
0.998864174 0.035582468 -0.031693377 -0.160688341 -0.038011089 0.996098220 -0.079646870 -0.190922052 0.028735681 0.080761097 0.996319234 0.080691606
0.999024749 0.034695562 -0.027312623 -0.160124674 -0.036789510 0.996090055 -0.080319248 -0.184907496 0.024419105 0.081245735 0.996394932 0.082910046
0.998795688 0.038208902 -0.030776821 -0.160405353 -0.040578354 0.995932281 -0.080450468 -0.190354064 0.027577709 0.081602469 0.996283412 0.080125913
0.998786747 0.037372861 -0.032067355 -0.158823267 -0.039884068 0.995865166 -0.081620492 -0.190499067 0.028884374 0.082800440 0.996147513 0.084786087
0.998863280 0.038773879 -0.027726632 -0.157916576 -0.040919274 0.995830536 -0.081529669 -0.188319668 0.024449803 0.082571551 0.996285200 0.083928466
0.999061167 0.034096025 -0.026727227 -0.149011523 -0.036145549 0.996108890 -0.080377080 -0.189632177 0.023882689 0.081267692 0.996406138 0.089872673
0.999043941 0.037750062 -0.022049762 -0.154334709 -0.039382219 0.996096671 -0.078996330 -0.187466383 0.018981576 0.079789177 0.996630967 0.085593946
0.999222159 0.034528691 -0.019049183 -0.154961467 -0.035947964 0.996144354 -0.080026425 -0.185939103 0.016212525 0.080648974 0.996610701 0.087016433
0.999047339 0.036394689 -0.024080992 -0.142580092 -0.038174991 0.996210694 -0.078146577 -0.196646571 0.021145618 0.078991428 0.996650994 0.087194160
0.998975396 0.036051907 -0.027358437 -0.146620706 -0.038103126 0.996179104 -0.078584045 -0.195042059 0.024420798 0.079545990 0.996531963 0.088233329
0.998861253 0.036897860 -0.030246541 -0.144123554 -0.039169140 0.996159911 -0.078302145 -0.195322752 0.027241198 0.079397716 0.996470690 0.087648079
0.998920083 0.035934038 -0.029452555 -0.153528929 -0.038173936 0.996112049 -0.079394929 -0.191792652 0.026485063 0.080433518 0.996408045 0.084649540
0.998835266 0.036824558 -0.031178402 -0.157722160 -0.039220985 0.996014714 -0.080103725 -0.189455107 0.028104352 0.081233285 0.996298850 0.084194779
0.998739719 0.037182912 -0.033711195 -0.154073849 -0.039790630 0.995975733 -0.080305986 -0.192135856 0.030589519 0.081546187 0.996200025 0.086140886
0.998737812 0.037620857 -0.033278521 -0.154068217 -0.040242400 0.995821774 -0.081973068 -0.188957706 0.030055581 0.083208814 0.996078849 0.088414185
0.998622477 0.039123781 -0.034963544 -0.128254592 -0.041964293 0.995531976 -0.084588550 -0.182874620 0.031497899 0.085939258 0.995802402 0.089482501
0.998731673 0.039235577 -0.031551395 -0.128168538 -0.041696798 0.995795965 -0.081558816 -0.190998003 0.028218735 0.082770981 0.996168971 0.086874940
0.998793721 0.037619676 -0.031557750 -0.126399294 -0.040062074 0.995931983 -0.080712557 -0.189812750 0.028392989 0.081879467 0.996237755 0.088199235
0.998873949 0.036385063 -0.030446623 -0.129236460 -0.038732179 0.996007621 -0.080428459 -0.191982567 0.027398670 0.081517182 0.996295273 0.088843137
0.998830199 0.039258674 -0.028231818 -0.137942582 -0.041409813 0.995922267 -0.080150224 -0.199551061 0.024970103 0.081225537 0.996382892 0.091310933
0.998739898 0.039021403 -0.031558521 -0.122802369 -0.041522905 0.995689332 -0.082937442 -0.194147110 0.028186148 0.084143333 0.996054947 0.087026544
0.998887539 0.039134502 -0.026308378 -0.156808048 -0.041220549 0.995605588 -0.084086083 -0.191958070 0.022902098 0.085076988 0.996111095 0.085083112
0.998732626 0.040891308 -0.029346319 -0.146841705 -0.043148559 0.995785713 -0.080926433 -0.207180321 0.025913458 0.082090132 0.996287942 0.085859522
0.998586595 0.041131355 -0.033659056 -0.132479921 -0.043538418 0.996291220 -0.074217096 -0.231865123 0.030481577 0.075577661 0.996673942 0.081658915
0.998488843 0.043583155 -0.033474613 -0.142435804 -0.045972336 0.996177614 -0.074274465 -0.231139183 0.030109543 0.075701118 0.996675909 0.085844010
0.998398781 0.045433857 -0.033697706 -0.149702191 -0.047872398 0.995996952 -0.075487919 -0.227776587 0.030133108 0.076980233 0.996577144 0.083511114
0.998326004 0.046705596 -0.034111429 -0.141923279 -0.049227118 0.995794713 -0.077262461 -0.225224659 0.030359399 0.078812338 0.996427119 0.085719071
0.998775065 0.042206269 -0.025824811 -0.136527777 -0.044075858 0.996078432 -0.076713435 -0.209930509 0.022485748 0.077757724 0.996718705 0.089215882
0.998794734 0.043930329 -0.021889057 -0.130150557 -0.045522053 0.995875001 -0.078489915 -0.210544929 0.018350676 0.079391763 0.996674597 0.095151722
0.998787284 0.043511916 -0.023039669 -0.115794860 -0.045143895 0.996098757 -0.075824678 -0.214360654 0.019650508 0.076772824 0.996855021 0.091269314
0.998688936 0.045280918 -0.023873929 -0.108745083 -0.047026772 0.995804012 -0.078504190 -0.205961317 0.020219013 0.079523981 0.996627927 0.095429935
0.998804390 0.043198079 -0.022884734 -0.106743559 -0.044865094 0.995928824 -0.078185424 -0.207964316 0.019414112 0.079118669 0.996676207 0.097198389
0.998752713 0.044747502 -0.022150069 -0.107619502 -0.046373088 0.995769560 -0.079325132 -0.205903545 0.018506764 0.080253370 0.996602654 0.096488014
0.998665392 0.047585674 -0.020079253 -0.124112539 -0.049001660 0.995811522 -0.077188529 -0.224998340 0.016322087 0.078069419 0.996814311 0.094884709
0.998449981 0.049333911 -0.025766499 -0.118886210 -0.051262688 0.995434403 -0.080513708 -0.219938412 0.021676803 0.081709757 0.996420503 0.097787410
0.998269916 0.052885648 -0.025693577 -0.125527799 -0.054731820 0.995493174 -0.077445105 -0.225621432 0.021482049 0.078717396 0.996665478 0.096819043
0.998304665 0.052117884 -0.025913835 -0.128094584 -0.053946979 0.995664656 -0.075773835 -0.210607365 0.021852320 0.077043362 0.996788263 0.096240416
0.998181581 0.054538872 -0.025672264 -0.127695531 -0.056323383 0.995601773 -0.074865825 -0.196554884 0.021476250 0.076175645 0.996863127 0.102229148
0.998228669 0.053934161 -0.025113506 -0.124903098 -0.055536229 0.996124864 -0.068198480 -0.197956964 0.021337967 0.069472387 0.997355580 0.102437809
0.998138726 0.054835573 -0.026690055 -0.118555024 -0.056579974 0.995961487 -0.069709159 -0.186939031 0.022759732 0.071089529 0.997210264 0.106894337
0.998270452 0.053764805 -0.023776770 -0.124523483 -0.055195495 0.996403813 -0.064289004 -0.194893956 0.020234779 0.065490194 0.997648060 0.088293985
0.998227954 0.051960588 -0.029002590 -0.112065047 -0.053770036 0.996399164 -0.065554850 -0.195759669 0.025491888 0.066998139 0.997427344 0.087407589
0.998189330 0.053598847 -0.027298914 -0.105959415 -0.055175733 0.996628344 -0.060723990 -0.203950122 0.023952138 0.062120281 0.997781277 0.090814024
0.998425066 0.051962275 -0.021147564 -0.122130707 -0.053222481 0.996517837 -0.064183734 -0.197009847 0.017738789 0.065208174 0.997714043 0.095568053
0.998421133 0.051328633 -0.022818595 -0.102961272 -0.052661635 0.996669352 -0.062265754 -0.211369708 0.019546583 0.063369103 0.997798681 0.085518979
0.998267412 0.052779503 -0.026007045 -0.096652053 -0.054344233 0.996490479 -0.063668057 -0.207524940 0.022555394 0.064971097 0.997632265 0.086661004
0.998205781 0.053332265 -0.027218176 -0.098144554 -0.055044685 0.996259153 -0.066616058 -0.205845997 0.023563577 0.067994751 0.997407436 0.086688846
0.998072922 0.056179713 -0.026349084 -0.097169138 -0.057872035 0.995964348 -0.068598896 -0.207734272 0.022388887 0.069991589 0.997296333 0.088737465
0.998026788 0.058230743 -0.023487281 -0.094974063 -0.059715219 0.995866954 -0.068433955 -0.205351621 0.019405246 0.069701470 0.997379184 0.088173896
0.997939646 0.059971936 -0.022799060 -0.094735369 -0.061421607 0.995700061 -0.069344550 -0.203759953 0.018542293 0.070602030 0.997332215 0.088163868
0.997830272 0.061511274 -0.023474842 -0.097021312 -0.063003324 0.995608330 -0.069244377 -0.205298916 0.019112432 0.070573129 0.997323573 0.086941764
0.997769296 0.062653206 -0.023045272 -0.105055138 -0.064156152 0.995367944 -0.071600161 -0.204599217 0.018452547 0.072918952 0.997167110 0.084468983
0.997698963 0.063011631 -0.025028169 -0.100008868 -0.064668961 0.995297790 -0.072111413 -0.206205204 0.020366631 0.073564023 0.997082472 0.087066278
0.997707725 0.063288726 -0.023955427 -0.105031118 -0.064901911 0.995147765 -0.073950104 -0.203573242 0.019158982 0.075335346 0.996974230 0.084345765
0.997578204 0.064450383 -0.026150497 -0.092798121 -0.066226237 0.995060503 -0.073949456 -0.206572890 0.021255258 0.075502209 0.996919096 0.090570688
0.997685611 0.062890232 -0.025851769 -0.093349896 -0.064632520 0.995217562 -0.073243491 -0.206293091 0.021121833 0.074744843 0.996978998 0.089940175
0.997764826 0.061020061 -0.027239498 -0.100046389 -0.062892281 0.995258689 -0.074191801 -0.206875905 0.022583162 0.075739101 0.996871948 0.086882226
0.997860849 0.059968043 -0.026030300 -0.100274824 -0.061681654 0.995569468 -0.070969604 -0.207315713 0.021659069 0.072423391 0.997138798 0.087184608
0.998043656 0.059415400 -0.019456645 -0.100022204 -0.060645044 0.995681405 -0.070289746 -0.206200331 0.015196325 0.071332186 0.997336924 0.087100148
0.998324275 0.054908063 -0.018271666 -0.090296894 -0.056058660 0.995976090 -0.069922559 -0.209403515 0.014358824 0.070829667 0.997385085 0.092729308
0.998370111 0.053325158 -0.020337185 -0.090275303 -0.054611932 0.996115088 -0.069081590 -0.208506912 0.016574398 0.070079640 0.997403681 0.091890663
0.998298585 0.054815203 -0.019881014 -0.091762982 -0.056085929 0.995948792 -0.070286453 -0.207437083 0.015947709 0.071281917 0.997328758 0.091443926
0.998257279 0.055555366 -0.019898038 -0.087395564 -0.056796122 0.996036768 -0.068447255 -0.212274924 0.016016567 0.069458097 0.997456312 0.094303198
0.998233974 0.055873968 -0.020175703 -0.087303087 -0.057108313 0.996122777 -0.066918388 -0.210222766 0.016358476 0.067952409 0.997554541 0.093714394
0.998355150 0.053762436 -0.019916866 -0.090414651 -0.054956589 0.996353745 -0.065260485 -0.220500648 0.016335685 0.066247702 0.997669578 0.088645898
0.998301327 0.053852495 -0.022231154 -0.092001684 -0.055265356 0.996100068 -0.068777852 -0.208718628 0.018440593 0.069889650 0.997384250 0.091252744
0.998236239 0.054457720 -0.023637168 -0.091822408 -0.055977520 0.996025741 -0.069276400 -0.208571851 0.019770592 0.070477366 0.997317433 0.091030851
0.998172224 0.055549048 -0.023805218 -0.090842694 -0.057081841 0.995950580 -0.069455080 -0.209220469 0.019850656 0.070686974 0.997301042 0.092071936
0.998114109 0.055794548 -0.025595604 -0.088439025 -0.057429511 0.996007085 -0.068349451 -0.211200073 0.021679875 0.069690488 0.997333169 0.093101397
0.997930050 0.059054639 -0.025459897 -0.091737725 -0.060775742 0.995465457 -0.073177353 -0.200954735 0.021022987 0.074573226 0.996993899 0.092349201
0.997812390 0.061584715 -0.024037421 -0.096545771 -0.063232526 0.995162189 -0.075192101 -0.200482547 0.019290449 0.076547556 0.996879339 0.097782023
0.997995377 0.059695177 -0.021018963 -0.099717170 -0.061058756 0.995558083 -0.071665674 -0.208673388 0.016647510 0.072805405 0.997207224 0.093422592
0.998180270 0.057413802 -0.018435977 -0.092945725 -0.058596268 0.995700359 -0.071745329 -0.211079329 0.014237542 0.072695047 0.997252643 0.091468558
0.998297930 0.055526670 -0.017832849 -0.092636406 -0.056668837 0.995817840 -0.071661651 -0.209345073 0.013779140 0.072550252 0.997269571 0.089512989
0.998358727 0.053886469 -0.019391745 -0.096631408 -0.055120602 0.996020436 -0.070035927 -0.209766060 0.015540591 0.070989877 0.997355998 0.087989926
0.998308897 0.053503633 -0.022726892 -0.089364417 -0.054937072 0.996171772 -0.067997202 -0.210289568 0.019001789 0.069130763 0.997426629 0.093067624
0.998327315 0.052802429 -0.023548320 -0.090506218 -0.054300204 0.996186078 -0.068299636 -0.210708722 0.019852124 0.069464073 0.997386992 0.092611596
0.998305738 0.052420534 -0.025254663 -0.092088513 -0.054094449 0.996013641 -0.070926562 -0.202380568 0.021435982 0.072172523 0.997161746 0.096102998
0.998276293 0.052569505 -0.026096493 -0.086029977 -0.054311477 0.995977581 -0.071266964 -0.202353105 0.022245049 0.072561450 0.997115850 0.100417487
0.998544812 0.048772976 -0.023008186 -0.089576326 -0.050237797 0.996413350 -0.068090975 -0.210775048 0.019604661 0.069147766 0.997413874 0.094409786
0.998568833 0.048122264 -0.023332350 -0.091124915 -0.049631920 0.996371388 -0.069141842 -0.211495861 0.019920424 0.070200913 0.997333944 0.092958830
0.998759687 0.044342846 -0.022645220 -0.088273853 -0.045861557 0.996374726 -0.071652651 -0.202998906 0.019385846 0.072602332 0.997172594 0.098590784
0.998968124 0.041509274 -0.018429782 -0.089860253 -0.042714939 0.996580601 -0.070729457 -0.210133404 0.015430830 0.071443699 0.997325361 0.093202069
0.998909414 0.042467777 -0.019404778 -0.088396467 -0.043746948 0.996509314 -0.071100876 -0.210514829 0.016317548 0.071872227 0.997280419 0.093902841
0.998997748 0.041242417 -0.017394954 -0.083464973 -0.042378336 0.996577501 -0.070974074 -0.213248819 0.014408279 0.071640104 0.997326493 0.095483959
0.999057710 0.040580772 -0.015395643 -0.078807354 -0.041600581 0.996462643 -0.073017947 -0.205268621 0.012378061 0.073589601 0.997211754 0.102336027
0.999229491 0.037024379 -0.013029955 -0.078308158 -0.037887540 0.996553242 -0.073797651 -0.203180477 0.010252742 0.074234448 0.997188151 0.100773118
0.999314964 0.036352467 -0.006944615 -0.082723677 -0.036741439 0.997003734 -0.068069845 -0.210904926 0.004449308 0.068278357 0.997656465 0.097001918
0.999171913 0.035534088 -0.019818043 -0.012849137 -0.036825418 0.996927738 -0.069129564 -0.197375610 0.017300701 0.069802143 0.997410774 0.090095736
0.999102056 0.036954310 -0.020722436 -0.010195069 -0.038319696 0.996817350 -0.069904611 -0.198591515 0.018073205 0.070635930 0.997338414 0.090265378
0.999146998 0.036144625 -0.019971203 -0.011159642 -0.037460465 0.996843398 -0.070000105 -0.198606193 0.017378030 0.070688523 0.997347116 0.090209782
0.999185085 0.036304507 -0.017642610 -0.013614969 -0.037493147 0.996662736 -0.072508045 -0.196335509 0.014951363 0.073110424 0.997211814 0.089882314
0.999233663 0.036027987 -0.015297048 -0.014384833 -0.037029561 0.996772885 -0.071220167 -0.196936861 0.012681761 0.071732037 0.997343361 0.089049697
0.999227405 0.035294507 -0.017284123 -0.014988956 -0.036428872 0.996851087 -0.070432179 -0.196167052 0.014743825 0.071007423 0.997366846 0.088733301
0.999204040 0.034901094 -0.019318197 -0.013238424 -0.036179259 0.996867180 -0.070332721 -0.198010668 0.016802985 0.070975669 0.997336566 0.090214305
0.999142706 0.035724130 -0.020919574 -0.013168788 -0.037101887 0.996880114 -0.069666617 -0.197006404 0.018365523 0.070383050 0.997350931 0.089651830
0.999142349 0.035795793 -0.020812759 -0.013987061 -0.037177913 0.996831000 -0.070325874 -0.196519196 0.018229432 0.071039356 0.997306883 0.089245647
0.999147058 0.035887584 -0.020422880 -0.012138370 -0.037232902 0.996863842 -0.069828965 -0.198420063 0.017852833 0.070529826 0.997349918 0.090488687
0.999203920 0.035116620 -0.018925685 -0.013621137 -0.036368433 0.996851683 -0.070455693 -0.197441563 0.016391933 0.071087919 0.997335374 0.090027466
0.999233127 0.033871002 -0.019641956 -0.011423772 -0.035163466 0.996948719 -0.069690093 -0.197900340 0.017221548 0.070327356 0.997375309 0.090291932
0.999259174 0.033317525 -0.019263387 -0.012655516 -0.034551401 0.997105181 -0.067731030 -0.197700411 0.016950991 0.068346456 0.997517645 0.090011783
0.999269724 0.033217851 -0.018884355 -0.010295315 -0.034434333 0.997075140 -0.068230480 -0.197341323 0.016562650 0.068830922 0.997490883 0.091014095
0.999383450 0.030390026 -0.017583506 -0.010788395 -0.031501561 0.997266591 -0.066834196 -0.194831744 0.015504350 0.067346901 0.997609138 0.089903459
0.999413431 0.030644145 -0.015287626 -0.014680859 -0.031573914 0.997397006 -0.064824462 -0.195204839 0.013261341 0.065269150 0.997779608 0.088678367
0.999470234 0.030091787 -0.012400853 -0.007823581 -0.030796813 0.997647405 -0.061246544 -0.197029367 0.010528656 0.061596014 0.998045683 0.091649637
0.999611497 0.026167408 -0.009598571 -0.008858417 -0.026668414 0.998050213 -0.056431927 -0.197402626 0.008103176 0.056665983 0.998360276 0.091770582
0.999659181 0.024636403 -0.008632650 -0.008802796 -0.025075225 0.998167336 -0.055073369 -0.195539892 0.007260014 0.055271070 0.998444974 0.090106413
0.999689639 0.023342103 -0.008704052 -0.007523452 -0.023789177 0.998181105 -0.055393349 -0.198514625 0.007395222 0.055583227 0.998426676 0.091451280
0.999666035 0.023713062 -0.010273194 -0.006461555 -0.024277290 0.997973979 -0.058809455 -0.198820695 0.008857822 0.059039243 0.998216391 0.093055598
0.999699414 0.022804156 -0.009007092 -0.011978412 -0.023276892 0.998135209 -0.056428559 -0.196544617 0.007703487 0.056621261 0.998365998 0.089687988
0.999690175 0.023095768 -0.009282819 -0.010094996 -0.023587471 0.998100817 -0.056906704 -0.196449429 0.007950881 0.057108048 0.998336434 0.089845203
0.999704540 0.022797981 -0.008426948 -0.008068367 -0.023230970 0.998190403 -0.055462599 -0.196989983 0.007147260 0.055641994 0.998425305 0.090977095
0.999687552 0.023862235 -0.007444048 -0.010745283 -0.024242993 0.998129070 -0.056129254 -0.195702046 0.006090748 0.056292199 0.998395801 0.090263702
0.999690890 0.023684861 -0.007554992 -0.008908056 -0.024078388 0.998075962 -0.057134911 -0.196200714 0.006187220 0.057299163 0.998337865 0.091332138
0.999692678 0.023840675 -0.006784018 -0.011198194 -0.024193384 0.998034894 -0.057800703 -0.194908798 0.005392676 0.057947099 0.998305082 0.090685569
0.999691784 0.023510501 -0.007977054 -0.001945717 -0.023952037 0.997868061 -0.060708717 -0.197501332 0.006532752 0.060881086 0.998123646 0.095802143
0.999710441 0.023522794 -0.005066427 -0.009906176 -0.023784464 0.997917414 -0.059956726 -0.194425210 0.003645523 0.060059883 0.998188198 0.092021763
0.999668479 0.025055537 -0.005916717 -0.008176977 -0.025365409 0.997880340 -0.059927210 -0.195066854 0.004402664 0.060057443 0.998185217 0.091999933
0.999681354 0.024809631 -0.004646988 -0.011064953 -0.025043838 0.997885942 -0.059969064 -0.194198072 0.003149350 0.060066342 0.998189509 0.091038227
0.999668598 0.024949495 -0.006336427 -0.005797610 -0.025283849 0.997893810 -0.059737146 -0.196525693 0.004832668 0.059877560 0.998194039 0.093441755
0.999667764 0.025432387 -0.004170908 -0.011197528 -0.025640430 0.997788608 -0.061321598 -0.190943286 0.002602126 0.061408188 0.998109400 0.090503678
0.999675989 0.024877336 -0.005378959 -0.007048292 -0.025162697 0.997767568 -0.061860003 -0.196654141 0.003828035 0.061975319 0.998070359 0.093993112
0.999654174 0.025519092 -0.006347536 -0.005236465 -0.025879866 0.997524858 -0.065376543 -0.195743114 0.004663471 0.065518223 0.997840464 0.094451629
0.999685287 0.024065481 -0.007078872 -0.005830977 -0.024478374 0.997547030 -0.065579012 -0.198669866 0.005483313 0.065731660 0.997822344 0.094432682
0.999684095 0.023647662 -0.008509753 -0.007836885 -0.024160899 0.997503698 -0.066351406 -0.198558420 0.006919450 0.066536054 0.997759998 0.093095347
0.999726832 0.021829819 -0.008343001 -0.010001002 -0.022335930 0.997546196 -0.066352338 -0.199008971 0.006874067 0.066520572 0.997761428 0.091970325
0.999713361 0.022131642 -0.009134276 -0.009921880 -0.022691494 0.997523010 -0.066580907 -0.199629530 0.007638104 0.066769108 0.997739255 0.091355309
0.999737799 0.021014839 -0.009087429 -0.009436785 -0.021580616 0.997489750 -0.067441583 -0.200414002 0.007647338 0.067620032 0.997681856 0.091863938
0.999730110 0.021231405 -0.009426075 -0.009016492 -0.021831213 0.997384667 -0.068898022 -0.200111523 0.007938619 0.069085218 0.997579157 0.092310570
0.999729872 0.021089297 -0.009767887 -0.009238945 -0.021720031 0.997328699 -0.069738194 -0.199778453 0.008271065 0.069931522 0.997517467 0.091844343
0.999697208 0.022462826 -0.010047020 -0.011057813 -0.023123922 0.997178793 -0.071410596 -0.198568031 0.008414591 0.071621306 0.997396350 0.091212548
0.999666929 0.023612278 -0.010423789 -0.010850146 -0.024303241 0.997103274 -0.072072014 -0.197907448 0.008691808 0.072301343 0.997344971 0.091013350
0.999681771 0.022888377 -0.010600729 -0.009559877 -0.023588106 0.997167647 -0.071415104 -0.198554322 0.008936128 0.071642458 0.997390330 0.090802588
0.999645948 0.023883844 -0.011720848 -0.008377409 -0.024645919 0.997251213 -0.069876462 -0.199084878 0.010019705 0.070140600 0.997486830 0.091448471
0.999653161 0.023832574 -0.011200682 -0.008629710 -0.024543900 0.997358084 -0.068368822 -0.199451566 0.009541684 0.068620034 0.997597218 0.091376662
0.999669373 0.023284277 -0.010914839 -0.007900474 -0.023966191 0.997452617 -0.067183048 -0.199920297 0.009322725 0.067422412 0.997680962 0.091829956
0.999676347 0.023533640 -0.009662919 -0.009302913 -0.024135038 0.997411430 -0.067734316 -0.199109539 0.008043866 0.067945622 0.997656584 0.091542229
0.999654055 0.025015002 -0.008118062 -0.009639896 -0.025509343 0.997363865 -0.067930676 -0.197989568 0.006397373 0.068114281 0.997657001 0.092220314
0.999572992 0.028061567 -0.008150596 -0.007126770 -0.028540390 0.997397244 -0.066212237 -0.196726769 0.006271360 0.066416584 0.997772217 0.093590751
0.999608338 0.026801439 -0.008047861 -0.004128277 -0.027251076 0.997688949 -0.062240187 -0.199278027 0.006361132 0.062435139 0.998028755 0.094887450
0.999620616 0.026271185 -0.008272311 -0.007181584 -0.026718702 0.997860730 -0.059666496 -0.198097602 0.006687099 0.059864901 0.998184144 0.092084073
0.999612033 0.026776722 -0.007670739 -0.005245184 -0.027182868 0.997891784 -0.058931448 -0.198950574 0.006076571 0.059117090 0.998232543 0.093595937
0.999641955 0.025730185 -0.007352805 -0.009482879 -0.026121106 0.997902274 -0.059234727 -0.195829764 0.005813261 0.059405591 0.998217046 0.091999687
0.999616981 0.025947353 -0.009620117 -0.007012966 -0.026462572 0.997966409 -0.057987452 -0.197553113 0.008095930 0.058219824 0.998270929 0.091772407
0.999511123 0.029292490 -0.010927475 -0.007875254 -0.029879114 0.997865319 -0.058068424 -0.197397530 0.009203176 0.058366545 0.998252809 0.091452606
0.999533296 0.029058380 -0.009423413 -0.012536388 -0.029560233 0.997855186 -0.058406141 -0.193896234 0.007706011 0.058657456 0.998248398 0.090184025
0.999574542 0.027872287 -0.008586982 -0.014389276 -0.028315231 0.997989237 -0.056706704 -0.193734378 0.006989167 0.056925736 0.998353958 0.088599853
0.999524295 0.029695245 -0.008335358 -0.010033784 -0.030130237 0.997855604 -0.058105141 -0.195030868 0.006592034 0.058328658 0.998275697 0.092026614
0.999595106 0.027259838 -0.008148775 -0.008019898 -0.027674859 0.998040915 -0.056109034 -0.196487695 0.006603285 0.056311827 0.998391449 0.091807306
0.999567091 0.028126188 -0.008632693 -0.011415346 -0.028565338 0.998030066 -0.055856362 -0.194933325 0.007044657 0.056078792 0.998401523 0.090149850
0.999500513 0.030534357 -0.008145759 -0.010845621 -0.030926939 0.998091280 -0.053452559 -0.195793658 0.006498067 0.053677805 0.998537242 0.090827718
0.999496937 0.030518372 -0.008637505 -0.014014822 -0.030925309 0.998181760 -0.051735833 -0.193303004 0.007042903 0.051976934 0.998623431 0.087848648
0.999415874 0.032689404 -0.009960734 -0.008815559 -0.033167984 0.998074055 -0.052422322 -0.195624828 0.008227890 0.052722089 0.998575330 0.091990843
0.999457240 0.031697974 -0.008973103 -0.012821469 -0.032115724 0.998179913 -0.051042557 -0.192570984 0.007338822 0.051303044 0.998656213 0.088712871
0.999385595 0.033668537 -0.009737688 -0.012592080 -0.034119282 0.998137057 -0.050576244 -0.192920387 0.008016718 0.050877422 0.998672783 0.088225037
0.999432623 0.032410618 -0.009164777 -0.013578091 -0.032827690 0.998221219 -0.049766056 -0.194287091 0.007535523 0.050038688 0.998718917 0.088850260
0.999317586 0.034974292 -0.011876361 -0.014384245 -0.035522420 0.998137414 -0.049596608 -0.193643585 0.010119629 0.049984656 0.998698771 0.087684676
0.999250293 0.036381781 -0.013232006 -0.013821993 -0.036995213 0.998087645 -0.049521379 -0.192398131 0.011405022 0.049973790 0.998685360 0.087240919
